0.606531	0.0303265	0.00151633	7.58E-05	3.79E-06	1.90E-07	9.48E-09	4.74E-10	2.37E-11	1.18E-12	5.92E-14	2.96E-15	1.48E-16
0.303265	0.591368	0.0583786	0.00435944	0.000289998	1.81E-05	1.09E-06	6.33E-08	3.61E-09	2.03E-10	1.13E-11	6.20E-13	3.38E-14
0.0758164	0.291893	0.576394	0.0842794	0.00835544	0.00069327	5.19E-05	3.62E-06	2.41E-07	1.55E-08	9.68E-10	5.91E-11	3.55E-12
0.0126361	0.0726573	0.280931	0.561621	0.108146	0.013345	0.00132586	0.000115559	9.22E-06	6.90E-07	4.92E-08	3.38E-09	2.25E-10
0.00157951	0.0120832	0.0696286	0.270366	0.547058	0.130092	0.0191823	0.00221868	0.000220715	1.98E-05	1.65E-06	1.29E-07	9.66E-09
0.000157951	0.00150843	0.0115545	0.0667249	0.260184	0.532714	0.150223	0.0257344	0.00339446	0.000379403	3.78E-05	3.45E-06	2.95E-07
1.32E-05	0.000150711	0.00144054	0.0110488	0.0639411	0.250372	0.518597	0.168642	0.0328797	0.00486873	0.000603869	6.61E-05	6.58E-06
9.40E-07	1.26E-05	0.000143803	0.00137571	0.0105651	0.0612723	0.240917	0.504713	0.185445	0.040508	0.00665069	0.00090621	0.000108087
5.88E-08	8.96E-07	1.20E-05	0.000137212	0.00131378	0.0101026	0.0587138	0.231807	0.491068	0.200727	0.048519	0.00874411	0.00129811
3.26E-09	5.60E-08	8.54E-07	1.14E-05	0.000130922	0.00125464	0.00966018	0.0562612	0.223029	0.477666	0.214573	0.0568217	0.011148
1.63E-10	3.11E-09	5.33E-08	8.14E-07	1.09E-05	0.00012492	0.00119815	0.00923707	0.0539099	0.214573	0.464511	0.22707	0.0653341
7.42E-12	1.55E-10	2.96E-09	5.08E-08	7.76E-07	1.04E-05	0.000119193	0.0011442	0.00883243	0.0516561	0.206428	0.451607	0.238297
3.09E-13	7.06E-12	1.48E-10	2.82E-09	4.84E-08	7.40E-07	9.90E-06	0.000113728	0.00109268	0.00844544	0.0494955	0.198581	0.438956
1.23E-14	3.06E-13	7.02E-12	1.48E-10	2.83E-09	4.88E-08	7.51E-07	1.02E-05	0.000118194	0.00115624	0.00917941	0.0562002	0.244852
